0.000000000000000000e+00
3.250000000000000000e+01
7.176666666666666572e+01
1.238333333333333286e+02
1.725666666666666629e+02
2.190666666666666629e+02
2.614666666666666401e+02
3.100333333333333599e+02
3.650666666666666629e+02
4.158333333333333144e+02
4.666999999999999886e+02
5.202333333333333485e+02
5.762999999999999545e+02
6.422333333333333485e+02
7.031333333333333258e+02
7.644333333333332803e+02
8.116333333333333258e+02
8.636333333333333258e+02
9.230000000000000000e+02
1.005333333333333371e+03
1.018866666666666674e+03
